import numpy as np

"""
Holds world to cam matrices for various robots
"""
world_to_camera_dict = {
    "baxter_left": np.array(
        [
            [0.05010049, 0.5098481, -0.85880432, 1.70268951],
            [0.99850135, -0.00660876, 0.05432662, 0.26953027],
            [0.02202269, -0.86023906, -0.50941512, 0.48536055],
            [0.0, 0.0, 0.0, 1.0],
        ]
    ),
    "baxter_right": np.array(
        [
            [0.59474902, -0.48560866, 0.64066983, 0.00593267],
            [-0.80250365, -0.40577623, 0.4374169, -0.84046503],
            [0.04755516, -0.77429315, -0.63103774, 0.45875102],
            [0.0, 0.0, 0.0, 1.0],
        ]
    ),
    "sawyer_vedri0": np.array(
        [
            [-0.01290487, 0.62117762, -0.78356355, 1.21061856],
            [1, 0.00660994, -0.01122798, 0.01680913],
            [-0.00179526, -0.78364193, -0.62121019, 0.47401633],
            [0.0, 0.0, 0.0, 1.0],
        ]
    ),
    "widowx1": np.array(
        [
            [-0.17251765, 0.5984481, -0.78236663, 0.37869496],
            [-0.98499368, -0.10885336, 0.13393427, -0.04712975],
            [-0.00501052, 0.79373221, 0.60824672, 0.15596613],
            [0.0, 0.0, 0.0, 1.0],
        ]
    ),
}